0      1        1        1
00     1        1.1      1
1      1        1.5      1.5			
2      1.11     1.47     1.47			
3      1.2      1.42     1.43			
4      1.27     1.36     1.4			
5      1.33     1.28     1.36			
6      1.37     1.2      1.33			
7      1.39     1.11     1.29			
8      1.39     1.02     1.26			
9      1.37     0.94     1.22			
10     1.34     0.86     1.19			
11     1.29     0.8      1.16			
12     1.24     0.75     1.12			
13     1.17     0.72     1.09			
14     1.1      0.7      1.05			
15     1.03     0.69     1.02			
16     0.97     0.7      0.98			
17     0.91     0.73     0.95			
18     0.86     0.76     0.91			
19     0.82     0.8      0.88			
20     0.79     0.85     0.84			
21     0.77     0.91     0.81			
22     0.76     0.96     0.78			
23     0.77     1.01     0.74			
24     0.78     1.06     0.71			
25     0.81     1.1      0.67			
26     0.84     1.14     0.64			
27     0.88     1.16     0.6			
28     0.92     1.18     0.57			
29     0.96     1.19     0.53			
30     1        1.18     0.5			
